0
18
4
11
4
17
8
0
0
5
4
19
4
17
8
0
0
5
4
19
4
17
11
0
13
5
4
19
4
17
8
0
0
19
4
19
5
17
11
19
0
11
4
8
4
17
8
13
0
17
4
19
4
17
8
0
0
5
4
19
4
17
8
0
0
5
4
19
4
17
8
0
0
5
4
19
4
17
8
0
0
19
4
19
4
17
8
0
0
8
4
19
17
5
8
20
4
2
11
0
21
8
13
6
4
2
8
0
17
8
13
6
4
2
11
0
17
8
13
6
4
2
8
0
17
8
13
6
4
2
8
0
17
8
13
6
4
2
8
0
17
8
13
6
4
2
15
0
17
8
13
6
4
2
11
0
17
8
13
6
4
2
11
0
17
8
13
6
4
2
8
0
17
8
13
6
4
2
8
0
17
8
13
6
4
2
11
0
17
8
13
6
4
4
11
0
17
8
13
17
4
2
11
14
17
8
13
6
4
2
20
0
0
11
13
0
4
2
11
0
17
8
13
6
4
2
11
0
17
8
13
6
17
2
11
0
17
8
13
6
4
2
11
0
17
8
13
6
14
1
1
11
4
14
10
1
11
4
14
1
1
11
4
14
1
1
11
4
14
7
1
11
4
14
1
1
8
4
14
1
1
11
4
14
1
18
11
4
14
1
1
11
4
14
1
1
11
13
14
1
1
11
4
14
1
1
11
4
14
1
19
11
4
14
1
1
11
4
14
1
1
11
4
14
7
13
11
4
14
1
1
11
4
11
0
1
14
20
10
0
3
14
20
10
0
3
14
20
7
0
3
14
20
7
0
3
14
20
8
0
3
20
20
7
0
8
14
4
7
0
3
14
20
13
0
24
14
20
8
18
16
20
0
11
8
19
8
17
3
8
18
1
20
0
11
8
8
8
4
3
11
18
6
20
4
11
8
10
8
4
19
8
18
6
13
3
11
8
17
8
6
10
8
8
6
21
14
11
8
17
8
4
3
8
18
6
20
0
11
8
19
8
2
3
8
18
6
20
0
11
8
19
8
17
3
8
18
6
20
0
8
8
15
8
4
3
8
18
18
20
14
11
8
5
8
4
0
11
18
0
20
0
8
8
15
8
0
20
13
8
20
0
19
17
8
0
11
8
25
4
3
13
3
20
18
8
8
8
0
8
8
25
4
3
13
3
21
18
19
17
8
0
11
8
25
4
3
13
3
20
18
19
17
8
14
11
11
25
4
3
13
14
20
18
19
23
0
0
20
23
23
4
13
7
14
14
18
8
15
11
3
8
11
24
4
14
13
0
20
18
19
17
8
0
11
8
4
4
3
13
19
20
18
19
21
11
20
11
8
25
14
3
13
3
20
18
19
17
8
0
11
8
4
4
11
13
3
20
18
19
17
8
0
11
8
25
4
3
0
0
1
13
4
1
20
0
1
0
13
4
22
25
7
20
0
1
20
0
1
20
0
1
0
0
1
20
0
11
20
0
7
13
0
1
22
0
1
13
0
1
13
12
1
20
0
8
0
0
1
24
12
5
0
19
10
4
19
8
2
0
2
8
24
6
12
15
20
19
7
4
17
8
2
0
8
11
24
23
12
15
20
11
11
15
19
8
17
0
11
11
17
24
12
15
0
19
19
4
19
8
2
0
8
11
17
19
12
15
0
19
7
4
19
8
2
4
11
11
24
11
12
15
0
19
8
17
19
8
8
0
11
11
11
24
13
15
15
19
13
4
19
8
2
0
8
2
8
2
10
13
14
20
11
4
0
6
4
12
0
13
19
0
13
12
14
20
2
4
13
0
4
13
4
13
8
2
10
13
14
12
19
4
3
6
4
0
13
13
19
2
10
13
14
20
8
2
14
6
8
12
4
13
17
2
10
13
14
20
11
4
3
6
4
13
4
13
11
2
10
13
14
13
11
4
3
6
4
12
4
13
19
2
10
13
14
20
11
4
3
6
4
12
4
13
8
0
13
14
0
18
4
15
0
4
0
8
8
0
11
13
17
14
13
18
4
6
20
4
13
17
8
14
8
21
17
14
4
18
4
14
20
4
4
24
8
13
8
13
2
14
13
18
4
6
20
5
20
19
11
14
11
13
2
14
13
18
4
19
20
4
13
19
11
0
11
